version https://git-lfs.github.com/spec/v1
oid sha256:a741f493cfd98fdb100ab09af8734018c4808fd50382cd03aa51c0fefa0b7406
size 37929
